image_width: 1280
image_height: 720
camera_name: head_camera
camera_matrix:
  rows: 3
  cols: 3
  data: [530.3203380989888, 0, 667.021685473457, 0, 530.0882810503637, 332.0438124643154, 0, 0, 1]
distortion_model: plumb_bob
distortion_coefficients:
  rows: 1
  cols: 4
  data: [-0.04052076938546402, -0.005898606267623571, 0.001500582769445191, -0.000972317141921288]
rectification_matrix:
  rows: 3
  cols: 3
  data: [1, 0, 0, 0, 1, 0, 0, 0, 1]
projection_matrix:
  rows: 3
  cols: 4
  data: [530.3203380989888, 0, 667.021685473457, 0, 0, 530.0882810503637, 332.0438124643154, 0, 0, 0, 1, 0]